%YAML:1.0
---
version: 1.
time: "2021-10-18 11:21:47"
LUX: 548.
LUY: 843.
LDX: 526.
LDY: 1316.
MUX: 1.4025239257812500e+03
MUY: 7.6183148193359375e+02
MDX: 1.3876214599609375e+03
MDY: 1.2808685302734375e+03
RDX: 2439.
RDY: 1238.
RUX: 2443.
RUY: 663.
