%YAML:1.0
---
LUX: 1.3805000000000000e+03
LUY: 759.
LDX: 1374.
LDY: 1.2765000000000000e+03
RDX: 2436.
RDY: 1233.
RUX: 2433.
RUY: 661.
